258 Ν · 1000.

...ω-..- ------——.--..—-..-

Kurmer 1111100001. 110101110101010111 1001. 10110 Ad. Dor 101000010001 (100 101
1111001 00101000 . 110100. 110010111001101 010.
-011000010011, 11111010. 1000001011Ρο10.
- 1101011. 1111. 111010 Α. 11101001 101
- 1000001011. 11000011. 1000 11010111. 11101
- 0011011. Par& 111101100 Zyg. Polaoy 1 8010111 11101
- 1110111000. 0100. , 1101001 (10010. 810100 dor vendicio·
-0010000, 0100. 8010010. 1001000.
- 000001011. 100001. 1101100. 8101001110, 001010, ti. 11 1111·
- 100001011. 110100. . 1101011. 110100
- 10101000. 110100. - 111000000100010. 110100
111001 00011000 1010101000. (1000110 1100 0010001010 0010101οἰ 001010 001010
11101101011 Ani. Κοοο101011000100001- (1100000,
000100000. 1100101111. Το0011001001 der 1100110011
L. 01100010 1011011 1101011000011. Berlin.
L. 11. Ein 0011100100111101011001. Paris⁴ 11οι1011 Alf. 110110100010 Ρ10000111. St
1. Η100101. 10010111 10101000. 110101 11. 1100. (1010000.
Ηο11110.110100. 1111001011110. 0 1100000010 01010001 011·
100100100110110 1101101001010010. 10010. 10111 10100100110001. 11111.
100101100 B. 0000101010110101001 01101- 11011011111100 ’10101100011011013
111. 11101. 11001000010 1 00100010 0100000111
1010111110 11. 1100010010 111010. 11001. 111101 1 101001. 111101.
10110, 001011001000100000100.1111. 11011011 11001. 1100010 1 0101011010
100001 00000001 110000 0111010100. 110· 110110 1011000101.
dowiee. 110110 1100 001101010001010010011101
-10100001 110111 01101000 Ρο00. 110101. 11001011 Ε. 10101010 11101010. Leipzig.
1000010 Β. (1000110110 100 01100 101010- 110101011110010101101010001101111.
10111011. 10101001001. 11001011 11101. 000101101ου0 00100110
1000101110 1110. De 001110 conservandi 001- 111011.
ritus. cracoviae. 1101 10 10011010 1010100000. 1000.
100010101011 Κ. Z 0011110 00 00101010· 11010 00100111 101. 0001000000110100
101 1100011. 11101. 11011 1110101 801οο10 1011001110. 110110
100 000 K. 101001011101 10101001011110- 11100101010101010 11101
11001. 11101. - 10 110100 100000. 1000.
1011111010 Ε. 3001101100 0001000001. 1101. - 1010110 110100..
10 0001001111. ,110100 111010101111100100010010.110101100 1
1010000 0. 1011011010110 (101 1101100 1010011011100.10111110001010 1
801100100101110. 1001011 Rich. 1101011110 111001001010110
101100101 111000. 11011000 0101001111 000010. 0000010101. ,
00101101 1 01101110 0100101010110. Ρο0001. 1001001011 11101000 (11101011. 1101οι 1
101110 101. Jan Sobieski i 10οο 1101. -1110001101010118010101003100100 1
Krak. -101000 110010001011. 110101. 1
101110 8100.110101001001100000100110101. 101011110 0 11010111 0010101001. 110100
100011 V. 110100. - 0000010000. 110101. .
10001101100 ,110011010100010 1101101010 10010 J. 8ἓ10101011011000000000. 110101·

’ 111010. 11101. 01101. 1110 .

1001011110.100010011100001010111111. 10101011 W. sprawozd. 00 0100101000
Leon XIII. Hymn ο 11. Ηο11110010. 11011. 010111 1 110100. 110100. ·
- Encyklika „Superiora 0000, quod singuli 1010000111110. 1110011100γο 1 boniba!
00110110.ιι 11101. 0100111. (1010000.
- 1101 011100 do 1001011101 0011100111. 10101011 Ε. 1101101010100010100. Wmt
Ροο001. 10101 M. 1101001100 00101001. 110100
10011011 S. Droga 11011010 11101. 10000011 (cmg). 1111.
100010. Po 1011Ρ1001.Β1ο(1. 10001011 F. 0001011 1010 1010111101
10 Princo i: 11011110 101111. 00111. 110100.
10101·Βο00110011.110 0010011101 10000. - 1110101001000101001001010. 110100
Ρο110. 1001010110000010110000 110100.
1001100 Aug. 1011110011011101001011100 10010111, 01101 1110010001. 110100.
1011101100100. 1010010. 10001011 11. 0 00010010 11001101 11011
10010 11010. 111 00010 000011. 10100010 11001000 001010. 11101
10100101011 010. 21101 111. 1101010010 1011101010 Ζ. 0110011 011010. 110110
111111. 1101110111. 100001. 10101011 1111. 11111001, 01100 (11010. 11οΜ
10110111 Αο0101. 10110110101011010111 110- 10] 10 1111. 1010010010101010 1010101011 w
1111 11101101. 11101. , 10101010101010100000 110 101101 110111
1011011 liudolf. 1101010011. 0. 1. Bady 10101011.1011011010011100100001111·
00101001 11010101. 1161. 10101111.

 

